(kicad_pcb (version 20171130) (host pcbnew 5.1.5-52549c5~84~ubuntu18.04.1)

  (general
    (thickness 1.6)
    (drawings 17)
    (tracks 2170)
    (zones 0)
    (modules 276)
    (nets 140)
  )

  (page A4)
  (layers
    (0 F.Cu signal)
    (31 B.Cu signal)
    (32 B.Adhes user)
    (33 F.Adhes user)
    (34 B.Paste user)
    (35 F.Paste user)
    (36 B.SilkS user)
    (37 F.SilkS user)
    (38 B.Mask user)
    (39 F.Mask user)
    (40 Dwgs.User user)
    (41 Cmts.User user)
    (42 Eco1.User user)
    (43 Eco2.User user)
    (44 Edge.Cuts user)
    (45 Margin user)
    (46 B.CrtYd user)
    (47 F.CrtYd user)
    (48 B.Fab user hide)
    (49 F.Fab user hide)
  )

  (setup
    (last_trace_width 0.15)
    (user_trace_width 0.25)
    (user_trace_width 0.5)
    (user_trace_width 1)
    (user_trace_width 2)
    (user_trace_width 3)
    (user_trace_width 5)
    (trace_clearance 0.145)
    (zone_clearance 0.155)
    (zone_45_only no)
    (trace_min 0.15)
    (via_size 0.6)
    (via_drill 0.3)
    (via_min_size 0.6)
    (via_min_drill 0.3)
    (uvia_size 0.6)
    (uvia_drill 0.3)
    (uvias_allowed no)
    (uvia_min_size 0.6)
    (uvia_min_drill 0.3)
    (edge_width 0.05)
    (segment_width 0.2)
    (pcb_text_width 0.2)
    (pcb_text_size 1 1)
    (mod_edge_width 0.1)
    (mod_text_size 0.6 0.6)
    (mod_text_width 0.1)
    (pad_size 4 2.5)
    (pad_drill 0)
    (pad_to_mask_clearance 0.051)
    (solder_mask_min_width 0.25)
    (aux_axis_origin 0 0)
    (visible_elements FFFFFF7F)
    (pcbplotparams
      (layerselection 0x010fc_ffffffff)
      (usegerberextensions false)
      (usegerberattributes false)
      (usegerberadvancedattributes false)
      (creategerberjobfile false)
      (excludeedgelayer true)
      (linewidth 0.150000)
      (plotframeref false)
      (viasonmask false)
      (mode 1)
      (useauxorigin false)
      (hpglpennumber 1)
      (hpglpenspeed 20)
      (hpglpendiameter 15.000000)
      (psnegative false)
      (psa4output false)
      (plotreference true)
      (plotvalue true)
      (plotinvisibletext false)
      (padsonsilk false)
      (subtractmaskfromsilk false)
      (outputformat 1)
      (mirror false)
      (drillshape 1)
      (scaleselection 1)
      (outputdirectory ""))
  )

  (net 0 "")
  (net 1 GND)
  (net 2 +3V3)
  (net 3 "Net-(C107-Pad1)")
  (net 4 "Net-(C107-Pad2)")
  (net 5 "Net-(C108-Pad1)")
  (net 6 "Net-(C201-Pad1)")
  (net 7 VMOT)
  (net 8 "Net-(C212-Pad2)")
  (net 9 "Net-(C212-Pad1)")
  (net 10 "Net-(C213-Pad1)")
  (net 11 "Net-(C301-Pad1)")
  (net 12 "Net-(C312-Pad1)")
  (net 13 "Net-(C312-Pad2)")
  (net 14 "Net-(C313-Pad1)")
  (net 15 "Net-(C401-Pad1)")
  (net 16 "Net-(C412-Pad2)")
  (net 17 "Net-(C412-Pad1)")
  (net 18 "Net-(C413-Pad1)")
  (net 19 "Net-(C501-Pad1)")
  (net 20 "Net-(C512-Pad1)")
  (net 21 "Net-(C512-Pad2)")
  (net 22 "Net-(C513-Pad1)")
  (net 23 "Net-(C601-Pad1)")
  (net 24 "Net-(C612-Pad1)")
  (net 25 "Net-(C612-Pad2)")
  (net 26 "Net-(C613-Pad1)")
  (net 27 "Net-(C701-Pad1)")
  (net 28 "Net-(C712-Pad2)")
  (net 29 "Net-(C712-Pad1)")
  (net 30 "Net-(C713-Pad1)")
  (net 31 +5V)
  (net 32 +24V)
  (net 33 "Net-(C803-Pad1)")
  (net 34 USB_VCC)
  (net 35 "Net-(C809-Pad1)")
  (net 36 "Net-(C810-Pad1)")
  (net 37 "Net-(C811-Pad2)")
  (net 38 "Net-(D101-Pad1)")
  (net 39 "Net-(D102-Pad1)")
  (net 40 "Net-(D103-Pad1)")
  (net 41 "Net-(D104-Pad1)")
  (net 42 "Net-(D105-Pad1)")
  (net 43 "Net-(D106-Pad1)")
  (net 44 "Net-(D107-Pad1)")
  (net 45 "Net-(D108-Pad1)")
  (net 46 "Net-(D109-Pad2)")
  (net 47 "Net-(D109-Pad3)")
  (net 48 "Net-(D109-Pad4)")
  (net 49 "Net-(D110-Pad1)")
  (net 50 "Net-(D111-Pad1)")
  (net 51 "Net-(D112-Pad1)")
  (net 52 "Net-(D113-Pad1)")
  (net 53 /UART_2_RX)
  (net 54 /UART_2_TX)
  (net 55 /SPI_MOSI)
  (net 56 /SPI_SCK)
  (net 57 /SPI_MISO)
  (net 58 "Net-(D202-Pad2)")
  (net 59 "Net-(D203-Pad2)")
  (net 60 "Net-(D204-Pad2)")
  (net 61 "Net-(D205-Pad2)")
  (net 62 "Net-(D302-Pad2)")
  (net 63 "Net-(D303-Pad2)")
  (net 64 "Net-(D304-Pad2)")
  (net 65 "Net-(D305-Pad2)")
  (net 66 "Net-(D402-Pad2)")
  (net 67 "Net-(D403-Pad2)")
  (net 68 "Net-(D404-Pad2)")
  (net 69 "Net-(D405-Pad2)")
  (net 70 "Net-(D502-Pad2)")
  (net 71 "Net-(D503-Pad2)")
  (net 72 "Net-(D504-Pad2)")
  (net 73 "Net-(D505-Pad2)")
  (net 74 "Net-(D602-Pad2)")
  (net 75 "Net-(D603-Pad2)")
  (net 76 "Net-(D604-Pad2)")
  (net 77 "Net-(D605-Pad2)")
  (net 78 "Net-(D702-Pad2)")
  (net 79 "Net-(D703-Pad2)")
  (net 80 "Net-(D704-Pad2)")
  (net 81 "Net-(D705-Pad2)")
  (net 82 "Net-(D801-Pad1)")
  (net 83 "Net-(D801-Pad2)")
  (net 84 "Net-(D803-Pad1)")
  (net 85 "Net-(D805-Pad1)")
  (net 86 "Net-(D901-Pad1)")
  (net 87 "Net-(D902-Pad1)")
  (net 88 "Net-(D903-Pad1)")
  (net 89 "Net-(D904-Pad1)")
  (net 90 "Net-(J801-Pad3)")
  (net 91 /Interface/USB-)
  (net 92 /Interface/USB+)
  (net 93 "Net-(J901-Pad5)")
  (net 94 /RESET)
  (net 95 /SWCLK)
  (net 96 /SWDIO)
  (net 97 /RGB_STAT)
  (net 98 "Net-(R102-Pad1)")
  (net 99 /FLAG_1)
  (net 100 /BUSY_1)
  (net 101 "Net-(R203-Pad2)")
  (net 102 /Motor_1/SW)
  (net 103 "Net-(R303-Pad2)")
  (net 104 /Motor_2/SW)
  (net 105 /FLAG_3)
  (net 106 /BUSY_3)
  (net 107 "Net-(R403-Pad2)")
  (net 108 /Motor_3/SW)
  (net 109 /FLAG_4)
  (net 110 /BUSY_4)
  (net 111 "Net-(R503-Pad2)")
  (net 112 /Motor_4/SW)
  (net 113 /FLAG_5)
  (net 114 /BUSY_5)
  (net 115 "Net-(R603-Pad2)")
  (net 116 /Motor_5/SW)
  (net 117 /FLAG_6)
  (net 118 /BUSY_6)
  (net 119 "Net-(R703-Pad2)")
  (net 120 /Motor_6/SW)
  (net 121 "Net-(R802-Pad1)")
  (net 122 "Net-(R808-Pad2)")
  (net 123 "Net-(R810-Pad1)")
  (net 124 /USB_D+)
  (net 125 /Interface/D+)
  (net 126 /USB_D-)
  (net 127 /Interface/D-)
  (net 128 /STAT)
  (net 129 /PWR_MON)
  (net 130 /I_MON)
  (net 131 /5V_MON)
  (net 132 /FLAG_2)
  (net 133 /BUSY_2)
  (net 134 /CS_4)
  (net 135 /CS_5)
  (net 136 /CS_6)
  (net 137 /CS_1)
  (net 138 /CS_2)
  (net 139 /CS_3)

  (net_class Default "This is the default net class."
    (clearance 0.145)
    (trace_width 0.15)
    (via_dia 0.6)
    (via_drill 0.3)
    (uvia_dia 0.6)
    (uvia_drill 0.3)
    (add_net +24V)
    (add_net +3V3)
    (add_net +5V)
    (add_net /5V_MON)
    (add_net /BUSY_1)
    (add_net /BUSY_2)
    (add_net /BUSY_3)
    (add_net /BUSY_4)
    (add_net /BUSY_5)
    (add_net /BUSY_6)
    (add_net /CS_1)
    (add_net /CS_2)
    (add_net /CS_3)
    (add_net /CS_4)
    (add_net /CS_5)
    (add_net /CS_6)
    (add_net /FLAG_1)
    (add_net /FLAG_2)
    (add_net /FLAG_3)
    (add_net /FLAG_4)
    (add_net /FLAG_5)
    (add_net /FLAG_6)
    (add_net /I_MON)
    (add_net /Interface/D+)
    (add_net /Interface/D-)
    (add_net /Interface/USB+)
    (add_net /Interface/USB-)
    (add_net /Motor_1/SW)
    (add_net /Motor_2/SW)
    (add_net /Motor_3/SW)
    (add_net /Motor_4/SW)
    (add_net /Motor_5/SW)
    (add_net /Motor_6/SW)
    (add_net /PWR_MON)
    (add_net /RESET)
    (add_net /RGB_STAT)
    (add_net /SPI_MISO)
    (add_net /SPI_MOSI)
    (add_net /SPI_SCK)
    (add_net /STAT)
    (add_net /SWCLK)
    (add_net /SWDIO)
    (add_net /UART_2_RX)
    (add_net /UART_2_TX)
    (add_net /USB_D+)
    (add_net /USB_D-)
    (add_net GND)
    (add_net "Net-(C107-Pad1)")
    (add_net "Net-(C107-Pad2)")
    (add_net "Net-(C108-Pad1)")
    (add_net "Net-(C201-Pad1)")
    (add_net "Net-(C212-Pad1)")
    (add_net "Net-(C212-Pad2)")
    (add_net "Net-(C213-Pad1)")
    (add_net "Net-(C301-Pad1)")
    (add_net "Net-(C312-Pad1)")
    (add_net "Net-(C312-Pad2)")
    (add_net "Net-(C313-Pad1)")
    (add_net "Net-(C401-Pad1)")
    (add_net "Net-(C412-Pad1)")
    (add_net "Net-(C412-Pad2)")
    (add_net "Net-(C413-Pad1)")
    (add_net "Net-(C501-Pad1)")
    (add_net "Net-(C512-Pad1)")
    (add_net "Net-(C512-Pad2)")
    (add_net "Net-(C513-Pad1)")
    (add_net "Net-(C601-Pad1)")
    (add_net "Net-(C612-Pad1)")
    (add_net "Net-(C612-Pad2)")
    (add_net "Net-(C613-Pad1)")
    (add_net "Net-(C701-Pad1)")
    (add_net "Net-(C712-Pad1)")
    (add_net "Net-(C712-Pad2)")
    (add_net "Net-(C713-Pad1)")
    (add_net "Net-(C803-Pad1)")
    (add_net "Net-(C809-Pad1)")
    (add_net "Net-(C810-Pad1)")
    (add_net "Net-(C811-Pad2)")
    (add_net "Net-(D101-Pad1)")
    (add_net "Net-(D102-Pad1)")
    (add_net "Net-(D103-Pad1)")
    (add_net "Net-(D104-Pad1)")
    (add_net "Net-(D105-Pad1)")
    (add_net "Net-(D106-Pad1)")
    (add_net "Net-(D107-Pad1)")
    (add_net "Net-(D108-Pad1)")
    (add_net "Net-(D109-Pad2)")
    (add_net "Net-(D109-Pad3)")
    (add_net "Net-(D109-Pad4)")
    (add_net "Net-(D110-Pad1)")
    (add_net "Net-(D111-Pad1)")
    (add_net "Net-(D112-Pad1)")
    (add_net "Net-(D113-Pad1)")
    (add_net "Net-(D202-Pad2)")
    (add_net "Net-(D203-Pad2)")
    (add_net "Net-(D204-Pad2)")
    (add_net "Net-(D205-Pad2)")
    (add_net "Net-(D302-Pad2)")
    (add_net "Net-(D303-Pad2)")
    (add_net "Net-(D304-Pad2)")
    (add_net "Net-(D305-Pad2)")
    (add_net "Net-(D402-Pad2)")
    (add_net "Net-(D403-Pad2)")
    (add_net "Net-(D404-Pad2)")
    (add_net "Net-(D405-Pad2)")
    (add_net "Net-(D502-Pad2)")
    (add_net "Net-(D503-Pad2)")
    (add_net "Net-(D504-Pad2)")
    (add_net "Net-(D505-Pad2)")
    (add_net "Net-(D602-Pad2)")
    (add_net "Net-(D603-Pad2)")
    (add_net "Net-(D604-Pad2)")
    (add_net "Net-(D605-Pad2)")
    (add_net "Net-(D702-Pad2)")
    (add_net "Net-(D703-Pad2)")
    (add_net "Net-(D704-Pad2)")
    (add_net "Net-(D705-Pad2)")
    (add_net "Net-(D801-Pad1)")
    (add_net "Net-(D801-Pad2)")
    (add_net "Net-(D803-Pad1)")
    (add_net "Net-(D805-Pad1)")
    (add_net "Net-(D901-Pad1)")
    (add_net "Net-(D902-Pad1)")
    (add_net "Net-(D903-Pad1)")
    (add_net "Net-(D904-Pad1)")
    (add_net "Net-(J801-Pad3)")
    (add_net "Net-(J901-Pad5)")
    (add_net "Net-(R102-Pad1)")
    (add_net "Net-(R203-Pad2)")
    (add_net "Net-(R303-Pad2)")
    (add_net "Net-(R403-Pad2)")
    (add_net "Net-(R503-Pad2)")
    (add_net "Net-(R603-Pad2)")
    (add_net "Net-(R703-Pad2)")
    (add_net "Net-(R802-Pad1)")
    (add_net "Net-(R808-Pad2)")
    (add_net "Net-(R810-Pad1)")
    (add_net USB_VCC)
    (add_net VMOT)
  )

  (module MountingHole:MountingHole_3.2mm_M3_Pad_Via (layer F.Cu) (tedit 56DDBCCA) (tstamp 5E4086A9)
    (at 195 95)
    (descr "Mounting Hole 3.2mm, M3")
    (tags "mounting hole 3.2mm m3")
    (path /5E45EFAA)
    (attr virtual)
    (fp_text reference H102 (at 0 -4.2) (layer F.SilkS) hide
      (effects (font (size 0.6 0.6) (thickness 0.1)))
    )
    (fp_text value M3 (at 0 0) (layer F.Fab)
      (effects (font (size 1 1) (thickness 0.15)))
    )
    (fp_text user %R (at 0.3 0) (layer F.Fab)
      (effects (font (size 0.6 0.6) (thickness 0.1)))
    )
    (fp_circle (center 0 0) (end 3.2 0) (layer Cmts.User) (width 0.15))
    (fp_circle (center 0 0) (end 3.45 0) (layer F.CrtYd) (width 0.05))
    (pad 1 thru_hole circle (at 0 0) (size 6.4 6.4) (drill 3.2) (layers *.Cu *.Mask)
      (net 1 GND))
    (pad 1 thru_hole circle (at 2.4 0) (size 0.8 0.8) (drill 0.5) (layers *.Cu *.Mask)
      (net 1 GND))
    (pad 1 thru_hole circle (at 1.697056 1.697056) (size 0.8 0.8) (drill 0.5) (layers *.Cu *.Mask)
      (net 1 GND))
    (pad 1 thru_hole circle (at 0 2.4) (size 0.8 0.8) (drill 0.5) (layers *.Cu *.Mask)
      (net 1 GND))
    (pad 1 thru_hole circle (at -1.697056 1.697056) (size 0.8 0.8) (drill 0.5) (layers *.Cu *.Mask)
      (net 1 GND))
    (pad 1 thru_hole circle (at -2.4 0) (size 0.8 0.8) (drill 0.5) (layers *.Cu *.Mask)
      (net 1 GND))
    (pad 1 thru_hole circle (at -1.697056 -1.697056) (size 0.8 0.8) (drill 0.5) (layers *.Cu *.Mask)
      (net 1 GND))
    (pad 1 thru_hole circle (at 0 -2.4) (size 0.8 0.8) (drill 0.5) (layers *.Cu *.Mask)
      (net 1 GND))
    (pad 1 thru_hole circle (at 1.697056 -1.697056) (size 0.8 0.8) (drill 0.5) (layers *.Cu *.Mask)
      (net 1 GND))
  )

  (module MountingHole:MountingHole_3.2mm_M3_Pad_Via (layer F.Cu) (tedit 56DDBCCA) (tstamp 5E40867C)
    (at 105 95)
    (descr "Mounting Hole 3.2mm, M3")
    (tags "mounting hole 3.2mm m3")
    (path /5E45EF92)
    (attr virtual)
    (fp_text reference H105 (at 0 -4.2) (layer F.SilkS) hide
      (effects (font (size 0.6 0.6) (thickness 0.1)))
    )
    (fp_text value M3 (at 0 0) (layer F.Fab)
      (effects (font (size 1 1) (thickness 0.15)))
    )
    (fp_text user %R (at 0.3 0) (layer F.Fab)
      (effects (font (size 0.6 0.6) (thickness 0.1)))
    )
    (fp_circle (center 0 0) (end 3.2 0) (layer Cmts.User) (width 0.15))
    (fp_circle (center 0 0) (end 3.45 0) (layer F.CrtYd) (width 0.05))
    (pad 1 thru_hole circle (at 0 0) (size 6.4 6.4) (drill 3.2) (layers *.Cu *.Mask)
      (net 1 GND))
    (pad 1 thru_hole circle (at 2.4 0) (size 0.8 0.8) (drill 0.5) (layers *.Cu *.Mask)
      (net 1 GND))
    (pad 1 thru_hole circle (at 1.697056 1.697056) (size 0.8 0.8) (drill 0.5) (layers *.Cu *.Mask)
      (net 1 GND))
    (pad 1 thru_hole circle (at 0 2.4) (size 0.8 0.8) (drill 0.5) (layers *.Cu *.Mask)
      (net 1 GND))
    (pad 1 thru_hole circle (at -1.697056 1.697056) (size 0.8 0.8) (drill 0.5) (layers *.Cu *.Mask)
      (net 1 GND))
    (pad 1 thru_hole circle (at -2.4 0) (size 0.8 0.8) (drill 0.5) (layers *.Cu *.Mask)
      (net 1 GND))
    (pad 1 thru_hole circle (at -1.697056 -1.697056) (size 0.8 0.8) (drill 0.5) (layers *.Cu *.Mask)
      (net 1 GND))
    (pad 1 thru_hole circle (at 0 -2.4) (size 0.8 0.8) (drill 0.5) (layers *.Cu *.Mask)
      (net 1 GND))
    (pad 1 thru_hole circle (at 1.697056 -1.697056) (size 0.8 0.8) (drill 0.5) (layers *.Cu *.Mask)
      (net 1 GND))
  )

  (module Capacitor_SMD:CP_Elec_10x10 (layer F.Cu) (tedit 5E4075A3) (tstamp 5E3C87B7)
    (at 187.5 118.5)
    (descr "SMD capacitor, aluminum electrolytic, Nichicon, 10.0x10.0mm")
    (tags "capacitor electrolytic")
    (path /5D4C14AE/5D3586E5)
    (attr smd)
    (fp_text reference C710 (at -6.5 2) (layer F.SilkS)
      (effects (font (size 0.6 0.6) (thickness 0.1)))
    )
    (fp_text value 100uF/63V (at 0 6.2) (layer F.Fab)
      (effects (font (size 1 1) (thickness 0.15)))
    )
    (fp_circle (center 0 0) (end 5 0) (layer F.Fab) (width 0.1))
    (fp_line (start 5.15 -5.15) (end 5.15 5.15) (layer F.Fab) (width 0.1))
    (fp_line (start -4.15 -5.15) (end 5.15 -5.15) (layer F.Fab) (width 0.1))
    (fp_line (start -4.15 5.15) (end 5.15 5.15) (layer F.Fab) (width 0.1))
    (fp_line (start -5.15 -4.15) (end -5.15 4.15) (layer F.Fab) (width 0.1))
    (fp_line (start -5.15 -4.15) (end -4.15 -5.15) (layer F.Fab) (width 0.1))
    (fp_line (start -5.15 4.15) (end -4.15 5.15) (layer F.Fab) (width 0.1))
    (fp_line (start -4.558325 -1.7) (end -3.558325 -1.7) (layer F.Fab) (width 0.1))
    (fp_line (start -4.058325 -2.2) (end -4.058325 -1.2) (layer F.Fab) (width 0.1))
    (fp_line (start 5.26 5.26) (end 5.26 1.51) (layer F.SilkS) (width 0.12))
    (fp_line (start 5.26 -5.26) (end 5.26 -1.51) (layer F.SilkS) (width 0.12))
    (fp_line (start -4.195563 -5.26) (end 5.26 -5.26) (layer F.SilkS) (width 0.12))
    (fp_line (start -4.195563 5.26) (end 5.26 5.26) (layer F.SilkS) (width 0.12))
    (fp_line (start -5.26 4.195563) (end -5.26 1.51) (layer F.SilkS) (width 0.12))
    (fp_line (start -5.26 -4.195563) (end -5.26 -1.51) (layer F.SilkS) (width 0.12))
    (fp_line (start -5.26 -4.195563) (end -4.195563 -5.26) (layer F.SilkS) (width 0.12))
    (fp_line (start -5.26 4.195563) (end -4.195563 5.26) (layer F.SilkS) (width 0.12))
    (fp_line (start -6.75 -2.76) (end -5.5 -2.76) (layer F.SilkS) (width 0.12))
    (fp_line (start -6.125 -3.385) (end -6.125 -2.135) (layer F.SilkS) (width 0.12))
    (fp_line (start 5.4 -5.4) (end 5.4 -1.5) (layer F.CrtYd) (width 0.05))
    (fp_line (start 5.4 -1.5) (end 6.25 -1.5) (layer F.CrtYd) (width 0.05))
    (fp_line (start 6.25 -1.5) (end 6.25 1.5) (layer F.CrtYd) (width 0.05))
    (fp_line (start 6.25 1.5) (end 5.4 1.5) (layer F.CrtYd) (width 0.05))
    (fp_line (start 5.4 1.5) (end 5.4 5.4) (layer F.CrtYd) (width 0.05))
    (fp_line (start -4.25 5.4) (end 5.4 5.4) (layer F.CrtYd) (width 0.05))
    (fp_line (start -4.25 -5.4) (end 5.4 -5.4) (layer F.CrtYd) (width 0.05))
    (fp_line (start -5.4 4.25) (end -4.25 5.4) (layer F.CrtYd) (width 0.05))
    (fp_line (start -5.4 -4.25) (end -4.25 -5.4) (layer F.CrtYd) (width 0.05))
    (fp_line (start -5.4 -4.25) (end -5.4 -1.5) (layer F.CrtYd) (width 0.05))
    (fp_line (start -5.4 1.5) (end -5.4 4.25) (layer F.CrtYd) (width 0.05))
    (fp_line (start -5.4 -1.5) (end -6.25 -1.5) (layer F.CrtYd) (width 0.05))
    (fp_line (start -6.25 -1.5) (end -6.25 1.5) (layer F.CrtYd) (width 0.05))
    (fp_line (start -6.25 1.5) (end -5.4 1.5) (layer F.CrtYd) (width 0.05))
    (fp_text user %R (at 0 0) (layer F.Fab)
      (effects (font (size 0.6 0.6) (thickness 0.1)))
    )
    (pad 1 smd roundrect (at -4 0) (size 4 2.5) (layers F.Cu F.Paste F.Mask) (roundrect_rratio 0.1)
      (net 7 VMOT) (zone_connect 1) (thermal_width 1) (thermal_gap 0.5))
    (pad 2 smd roundrect (at 4 0) (size 4 2.5) (layers F.Cu F.Paste F.Mask) (roundrect_rratio 0.1)
      (net 1 GND) (zone_connect 1) (thermal_width 1) (thermal_gap 0.5))
    (model ${KISYS3DMOD}/Capacitor_SMD.3dshapes/CP_Elec_10x10.wrl
      (at (xyz 0 0 0))
      (scale (xyz 1 1 1))
      (rotate (xyz 0 0 0))
    )
  )

  (module Resistor_SMD:R_0603_1608Metric (layer B.Cu) (tedit 5B301BBD) (tstamp 5E3A702A)
    (at 183.5 123.1)
    (descr "Resistor SMD 0603 (1608 Metric), square (rectangular) end terminal, IPC_7351 nominal, (Body size source: http://www.tortai-tech.com/upload/download/2011102023233369053.pdf), generated with kicad-footprint-generator")
    (tags resistor)
    (path /5D4C14AE/5D358573)
    (attr smd)
    (fp_text reference R705 (at 0 1.15) (layer B.SilkS)
      (effects (font (size 0.6 0.6) (thickness 0.1)) (justify mirror))
    )
    (fp_text value 1k (at 0 -1.43) (layer B.Fab)
      (effects (font (size 1 1) (thickness 0.15)) (justify mirror))
    )
    (fp_line (start -0.8 -0.4) (end -0.8 0.4) (layer B.Fab) (width 0.1))
    (fp_line (start -0.8 0.4) (end 0.8 0.4) (layer B.Fab) (width 0.1))
    (fp_line (start 0.8 0.4) (end 0.8 -0.4) (layer B.Fab) (width 0.1))
    (fp_line (start 0.8 -0.4) (end -0.8 -0.4) (layer B.Fab) (width 0.1))
    (fp_line (start -0.162779 0.51) (end 0.162779 0.51) (layer B.SilkS) (width 0.12))
    (fp_line (start -0.162779 -0.51) (end 0.162779 -0.51) (layer B.SilkS) (width 0.12))
    (fp_line (start -1.48 -0.73) (end -1.48 0.73) (layer B.CrtYd) (width 0.05))
    (fp_line (start -1.48 0.73) (end 1.48 0.73) (layer B.CrtYd) (width 0.05))
    (fp_line (start 1.48 0.73) (end 1.48 -0.73) (layer B.CrtYd) (width 0.05))
    (fp_line (start 1.48 -0.73) (end -1.48 -0.73) (layer B.CrtYd) (width 0.05))
    (fp_text user %R (at 0 0) (layer B.Fab)
      (effects (font (size 0.6 0.6) (thickness 0.1)) (justify mirror))
    )
    (pad 1 smd roundrect (at -0.7875 0) (size 0.875 0.95) (layers B.Cu B.Paste B.Mask) (roundrect_rratio 0.25)
      (net 30 "Net-(C713-Pad1)"))
    (pad 2 smd roundrect (at 0.7875 0) (size 0.875 0.95) (layers B.Cu B.Paste B.Mask) (roundrect_rratio 0.25)
      (net 120 /Motor_6/SW))
    (model ${KISYS3DMOD}/Resistor_SMD.3dshapes/R_0603_1608Metric.wrl
      (at (xyz 0 0 0))
      (scale (xyz 1 1 1))
      (rotate (xyz 0 0 0))
    )
  )

  (module Package_SO:HSOP-8-1EP_3.9x4.9mm_P1.27mm_EP2.41x3.1mm_ThermalVias (layer F.Cu) (tedit 5B79F799) (tstamp 5E3A7484)
    (at 123.5 70.25 180)
    (descr "HSOP, 8 Pin (https://www.st.com/resource/en/datasheet/l5973d.pdf), generated with kicad-footprint-generator ipc_gullwing_generator.py")
    (tags "HSOP SO")
    (path /5D436602/5CE05CCA)
    (attr smd)
    (fp_text reference U803 (at 0 -3.5) (layer F.SilkS)
      (effects (font (size 0.6 0.6) (thickness 0.1)))
    )
    (fp_text value L5973D (at 0 3.4) (layer F.Fab)
      (effects (font (size 1 1) (thickness 0.15)))
    )
    (fp_text user %R (at 0 0) (layer F.Fab)
      (effects (font (size 0.6 0.6) (thickness 0.1)))
    )
    (fp_line (start 3.7 -2.7) (end -3.7 -2.7) (layer F.CrtYd) (width 0.05))
    (fp_line (start 3.7 2.7) (end 3.7 -2.7) (layer F.CrtYd) (width 0.05))
    (fp_line (start -3.7 2.7) (end 3.7 2.7) (layer F.CrtYd) (width 0.05))
    (fp_line (start -3.7 -2.7) (end -3.7 2.7) (layer F.CrtYd) (width 0.05))
    (fp_line (start -1.95 -1.475) (end -0.975 -2.45) (layer F.Fab) (width 0.1))
    (fp_line (start -1.95 2.45) (end -1.95 -1.475) (layer F.Fab) (width 0.1))
    (fp_line (start 1.95 2.45) (end -1.95 2.45) (layer F.Fab) (width 0.1))
    (fp_line (start 1.95 -2.45) (end 1.95 2.45) (layer F.Fab) (width 0.1))
    (fp_line (start -0.975 -2.45) (end 1.95 -2.45) (layer F.Fab) (width 0.1))
    (fp_line (start -1.95 2.56) (end 1.95 2.56) (layer F.SilkS) (width 0.12))
    (fp_line (start -3.45 -2.56) (end 1.95 -2.56) (layer F.SilkS) (width 0.12))
    (pad 8 smd roundrect (at 2.65 -1.905 180) (size 1.6 0.6) (layers F.Cu F.Paste F.Mask) (roundrect_rratio 0.25)
      (net 32 +24V))
    (pad 7 smd roundrect (at 2.65 -0.635 180) (size 1.6 0.6) (layers F.Cu F.Paste F.Mask) (roundrect_rratio 0.25)
      (net 1 GND))
    (pad 6 smd roundrect (at 2.65 0.635 180) (size 1.6 0.6) (layers F.Cu F.Paste F.Mask) (roundrect_rratio 0.25))
    (pad 5 smd roundrect (at 2.65 1.905 180) (size 1.6 0.6) (layers F.Cu F.Paste F.Mask) (roundrect_rratio 0.25)
      (net 123 "Net-(R810-Pad1)"))
    (pad 4 smd roundrect (at -2.65 1.905 180) (size 1.6 0.6) (layers F.Cu F.Paste F.Mask) (roundrect_rratio 0.25)
      (net 36 "Net-(C810-Pad1)"))
    (pad 3 smd roundrect (at -2.65 0.635 180) (size 1.6 0.6) (layers F.Cu F.Paste F.Mask) (roundrect_rratio 0.25)
      (net 1 GND))
    (pad 2 smd roundrect (at -2.65 -0.635 180) (size 1.6 0.6) (layers F.Cu F.Paste F.Mask) (roundrect_rratio 0.25))
    (pad 1 smd roundrect (at -2.65 -1.905 180) (size 1.6 0.6) (layers F.Cu F.Paste F.Mask) (roundrect_rratio 0.25)
      (net 85 "Net-(D805-Pad1)"))
    (pad "" smd roundrect (at 0.6 0.775 180) (size 0.97 1.25) (layers F.Paste) (roundrect_rratio 0.25))
    (pad "" smd roundrect (at 0.6 -0.775 180) (size 0.97 1.25) (layers F.Paste) (roundrect_rratio 0.25))
    (pad "" smd roundrect (at -0.6 0.775 180) (size 0.97 1.25) (layers F.Paste) (roundrect_rratio 0.25))
    (pad "" smd roundrect (at -0.6 -0.775 180) (size 0.97 1.25) (layers F.Paste) (roundrect_rratio 0.25))
    (pad 9 smd roundrect (at 0 0 180) (size 2.41 3.1) (layers B.Cu) (roundrect_rratio 0.103734)
      (net 1 GND))
    (pad 9 thru_hole circle (at 0.955 1.3 180) (size 0.5 0.5) (drill 0.2) (layers *.Cu)
      (net 1 GND))
    (pad 9 thru_hole circle (at -0.955 1.3 180) (size 0.5 0.5) (drill 0.2) (layers *.Cu)
      (net 1 GND))
    (pad 9 thru_hole circle (at 0.955 0 180) (size 0.5 0.5) (drill 0.2) (layers *.Cu)
      (net 1 GND))
    (pad 9 thru_hole circle (at -0.955 0 180) (size 0.5 0.5) (drill 0.2) (layers *.Cu)
      (net 1 GND))
    (pad 9 thru_hole circle (at 0.955 -1.3 180) (size 0.5 0.5) (drill 0.2) (layers *.Cu)
      (net 1 GND))
    (pad 9 thru_hole circle (at -0.955 -1.3 180) (size 0.5 0.5) (drill 0.2) (layers *.Cu)
      (net 1 GND))
    (pad 9 smd roundrect (at 0 0 180) (size 2.41 3.1) (layers F.Cu F.Mask) (roundrect_rratio 0.103734)
      (net 1 GND))
    (model ${KISYS3DMOD}/Package_SO.3dshapes/HSOP-8-1EP_3.9x4.9mm_P1.27mm_EP2.41x3.1mm.wrl
      (at (xyz 0 0 0))
      (scale (xyz 1 1 1))
      (rotate (xyz 0 0 0))
    )
  )

  (module Capacitor_SMD:C_0603_1608Metric (layer F.Cu) (tedit 5B301BBE) (tstamp 5E3A5B52)
    (at 336.5 83.5)
    (descr "Capacitor SMD 0603 (1608 Metric), square (rectangular) end terminal, IPC_7351 nominal, (Body size source: http://www.tortai-tech.com/upload/download/2011102023233369053.pdf), generated with kicad-footprint-generator")
    (tags capacitor)
    (path /5E452391)
    (attr smd)
    (fp_text reference C101 (at 0 -1.43) (layer F.SilkS)
      (effects (font (size 0.6 0.6) (thickness 0.1)))
    )
    (fp_text value 100nF (at 0 1.43) (layer F.Fab)
      (effects (font (size 1 1) (thickness 0.15)))
    )
    (fp_text user %R (at 0 0) (layer F.Fab)
      (effects (font (size 0.6 0.6) (thickness 0.1)))
    )
    (fp_line (start 1.48 0.73) (end -1.48 0.73) (layer F.CrtYd) (width 0.05))
    (fp_line (start 1.48 -0.73) (end 1.48 0.73) (layer F.CrtYd) (width 0.05))
    (fp_line (start -1.48 -0.73) (end 1.48 -0.73) (layer F.CrtYd) (width 0.05))
    (fp_line (start -1.48 0.73) (end -1.48 -0.73) (layer F.CrtYd) (width 0.05))
    (fp_line (start -0.162779 0.51) (end 0.162779 0.51) (layer F.SilkS) (width 0.12))
    (fp_line (start -0.162779 -0.51) (end 0.162779 -0.51) (layer F.SilkS) (width 0.12))
    (fp_line (start 0.8 0.4) (end -0.8 0.4) (layer F.Fab) (width 0.1))
    (fp_line (start 0.8 -0.4) (end 0.8 0.4) (layer F.Fab) (width 0.1))
    (fp_line (start -0.8 -0.4) (end 0.8 -0.4) (layer F.Fab) (width 0.1))
    (fp_line (start -0.8 0.4) (end -0.8 -0.4) (layer F.Fab) (width 0.1))
    (pad 2 smd roundrect (at 0.7875 0) (size 0.875 0.95) (layers F.Cu F.Paste F.Mask) (roundrect_rratio 0.25)
      (net 1 GND))
    (pad 1 smd roundrect (at -0.7875 0) (size 0.875 0.95) (layers F.Cu F.Paste F.Mask) (roundrect_rratio 0.25)
      (net 2 +3V3))
    (model ${KISYS3DMOD}/Capacitor_SMD.3dshapes/C_0603_1608Metric.wrl
      (at (xyz 0 0 0))
      (scale (xyz 1 1 1))
      (rotate (xyz 0 0 0))
    )
  )

  (module Capacitor_SMD:C_0603_1608Metric (layer F.Cu) (tedit 5B301BBE) (tstamp 5E3A5B63)
    (at 336.5 79)
    (descr "Capacitor SMD 0603 (1608 Metric), square (rectangular) end terminal, IPC_7351 nominal, (Body size source: http://www.tortai-tech.com/upload/download/2011102023233369053.pdf), generated with kicad-footprint-generator")
    (tags capacitor)
    (path /5E452397)
    (attr smd)
    (fp_text reference C102 (at 0 -1.43) (layer F.SilkS)
      (effects (font (size 0.6 0.6) (thickness 0.1)))
    )
    (fp_text value 100nF (at 0 1.43) (layer F.Fab)
      (effects (font (size 1 1) (thickness 0.15)))
    )
    (fp_line (start -0.8 0.4) (end -0.8 -0.4) (layer F.Fab) (width 0.1))
    (fp_line (start -0.8 -0.4) (end 0.8 -0.4) (layer F.Fab) (width 0.1))
    (fp_line (start 0.8 -0.4) (end 0.8 0.4) (layer F.Fab) (width 0.1))
    (fp_line (start 0.8 0.4) (end -0.8 0.4) (layer F.Fab) (width 0.1))
    (fp_line (start -0.162779 -0.51) (end 0.162779 -0.51) (layer F.SilkS) (width 0.12))
    (fp_line (start -0.162779 0.51) (end 0.162779 0.51) (layer F.SilkS) (width 0.12))
    (fp_line (start -1.48 0.73) (end -1.48 -0.73) (layer F.CrtYd) (width 0.05))
    (fp_line (start -1.48 -0.73) (end 1.48 -0.73) (layer F.CrtYd) (width 0.05))
    (fp_line (start 1.48 -0.73) (end 1.48 0.73) (layer F.CrtYd) (width 0.05))
    (fp_line (start 1.48 0.73) (end -1.48 0.73) (layer F.CrtYd) (width 0.05))
    (fp_text user %R (at 0 0) (layer F.Fab)
      (effects (font (size 0.6 0.6) (thickness 0.1)))
    )
    (pad 1 smd roundrect (at -0.7875 0) (size 0.875 0.95) (layers F.Cu F.Paste F.Mask) (roundrect_rratio 0.25)
      (net 2 +3V3))
    (pad 2 smd roundrect (at 0.7875 0) (size 0.875 0.95) (layers F.Cu F.Paste F.Mask) (roundrect_rratio 0.25)
      (net 1 GND))
    (model ${KISYS3DMOD}/Capacitor_SMD.3dshapes/C_0603_1608Metric.wrl
      (at (xyz 0 0 0))
      (scale (xyz 1 1 1))
      (rotate (xyz 0 0 0))
    )
  )

  (module Capacitor_SMD:C_0603_1608Metric (layer F.Cu) (tedit 5B301BBE) (tstamp 5E3A5B74)
    (at 341.5 79)
    (descr "Capacitor SMD 0603 (1608 Metric), square (rectangular) end terminal, IPC_7351 nominal, (Body size source: http://www.tortai-tech.com/upload/download/2011102023233369053.pdf), generated with kicad-footprint-generator")
    (tags capacitor)
    (path /5E452379)
    (attr smd)
    (fp_text reference C103 (at 0 -1.43) (layer F.SilkS)
      (effects (font (size 0.6 0.6) (thickness 0.1)))
    )
    (fp_text value 100nF (at 0 1.43) (layer F.Fab)
      (effects (font (size 1 1) (thickness 0.15)))
    )
    (fp_text user %R (at 0 0) (layer F.Fab)
      (effects (font (size 0.6 0.6) (thickness 0.1)))
    )
    (fp_line (start 1.48 0.73) (end -1.48 0.73) (layer F.CrtYd) (width 0.05))
    (fp_line (start 1.48 -0.73) (end 1.48 0.73) (layer F.CrtYd) (width 0.05))
    (fp_line (start -1.48 -0.73) (end 1.48 -0.73) (layer F.CrtYd) (width 0.05))
    (fp_line (start -1.48 0.73) (end -1.48 -0.73) (layer F.CrtYd) (width 0.05))
    (fp_line (start -0.162779 0.51) (end 0.162779 0.51) (layer F.SilkS) (width 0.12))
    (fp_line (start -0.162779 -0.51) (end 0.162779 -0.51) (layer F.SilkS) (width 0.12))
    (fp_line (start 0.8 0.4) (end -0.8 0.4) (layer F.Fab) (width 0.1))
    (fp_line (start 0.8 -0.4) (end 0.8 0.4) (layer F.Fab) (width 0.1))
    (fp_line (start -0.8 -0.4) (end 0.8 -0.4) (layer F.Fab) (width 0.1))
    (fp_line (start -0.8 0.4) (end -0.8 -0.4) (layer F.Fab) (width 0.1))
    (pad 2 smd roundrect (at 0.7875 0) (size 0.875 0.95) (layers F.Cu F.Paste F.Mask) (roundrect_rratio 0.25)
      (net 1 GND))
    (pad 1 smd roundrect (at -0.7875 0) (size 0.875 0.95) (layers F.Cu F.Paste F.Mask) (roundrect_rratio 0.25)
      (net 2 +3V3))
    (model ${KISYS3DMOD}/Capacitor_SMD.3dshapes/C_0603_1608Metric.wrl
      (at (xyz 0 0 0))
      (scale (xyz 1 1 1))
      (rotate (xyz 0 0 0))
    )
  )

  (module Capacitor_SMD:C_0603_1608Metric (layer F.Cu) (tedit 5B301BBE) (tstamp 5E3A5B85)
    (at 331.5 83.5)
    (descr "Capacitor SMD 0603 (1608 Metric), square (rectangular) end terminal, IPC_7351 nominal, (Body size source: http://www.tortai-tech.com/upload/download/2011102023233369053.pdf), generated with kicad-footprint-generator")
    (tags capacitor)
    (path /5E45237F)
    (attr smd)
    (fp_text reference C104 (at 0 -1.43) (layer F.SilkS)
      (effects (font (size 0.6 0.6) (thickness 0.1)))
    )
    (fp_text value 100nF (at 0 1.43) (layer F.Fab)
      (effects (font (size 1 1) (thickness 0.15)))
    )
    (fp_line (start -0.8 0.4) (end -0.8 -0.4) (layer F.Fab) (width 0.1))
    (fp_line (start -0.8 -0.4) (end 0.8 -0.4) (layer F.Fab) (width 0.1))
    (fp_line (start 0.8 -0.4) (end 0.8 0.4) (layer F.Fab) (width 0.1))
    (fp_line (start 0.8 0.4) (end -0.8 0.4) (layer F.Fab) (width 0.1))
    (fp_line (start -0.162779 -0.51) (end 0.162779 -0.51) (layer F.SilkS) (width 0.12))
    (fp_line (start -0.162779 0.51) (end 0.162779 0.51) (layer F.SilkS) (width 0.12))
    (fp_line (start -1.48 0.73) (end -1.48 -0.73) (layer F.CrtYd) (width 0.05))
    (fp_line (start -1.48 -0.73) (end 1.48 -0.73) (layer F.CrtYd) (width 0.05))
    (fp_line (start 1.48 -0.73) (end 1.48 0.73) (layer F.CrtYd) (width 0.05))
    (fp_line (start 1.48 0.73) (end -1.48 0.73) (layer F.CrtYd) (width 0.05))
    (fp_text user %R (at 0 0) (layer F.Fab)
      (effects (font (size 0.6 0.6) (thickness 0.1)))
    )
    (pad 1 smd roundrect (at -0.7875 0) (size 0.875 0.95) (layers F.Cu F.Paste F.Mask) (roundrect_rratio 0.25)
      (net 2 +3V3))
    (pad 2 smd roundrect (at 0.7875 0) (size 0.875 0.95) (layers F.Cu F.Paste F.Mask) (roundrect_rratio 0.25)
      (net 1 GND))
    (model ${KISYS3DMOD}/Capacitor_SMD.3dshapes/C_0603_1608Metric.wrl
      (at (xyz 0 0 0))
      (scale (xyz 1 1 1))
      (rotate (xyz 0 0 0))
    )
  )

  (module Capacitor_SMD:C_0603_1608Metric (layer F.Cu) (tedit 5B301BBE) (tstamp 5E3A5B96)
    (at 341.5 83.5)
    (descr "Capacitor SMD 0603 (1608 Metric), square (rectangular) end terminal, IPC_7351 nominal, (Body size source: http://www.tortai-tech.com/upload/download/2011102023233369053.pdf), generated with kicad-footprint-generator")
    (tags capacitor)
    (path /5E452385)
    (attr smd)
    (fp_text reference C105 (at 0 -1.43) (layer F.SilkS)
      (effects (font (size 0.6 0.6) (thickness 0.1)))
    )
    (fp_text value 100nF (at 0 1.43) (layer F.Fab)
      (effects (font (size 1 1) (thickness 0.15)))
    )
    (fp_text user %R (at 0 0) (layer F.Fab)
      (effects (font (size 0.6 0.6) (thickness 0.1)))
    )
    (fp_line (start 1.48 0.73) (end -1.48 0.73) (layer F.CrtYd) (width 0.05))
    (fp_line (start 1.48 -0.73) (end 1.48 0.73) (layer F.CrtYd) (width 0.05))
    (fp_line (start -1.48 -0.73) (end 1.48 -0.73) (layer F.CrtYd) (width 0.05))
    (fp_line (start -1.48 0.73) (end -1.48 -0.73) (layer F.CrtYd) (width 0.05))
    (fp_line (start -0.162779 0.51) (end 0.162779 0.51) (layer F.SilkS) (width 0.12))
    (fp_line (start -0.162779 -0.51) (end 0.162779 -0.51) (layer F.SilkS) (width 0.12))
    (fp_line (start 0.8 0.4) (end -0.8 0.4) (layer F.Fab) (width 0.1))
    (fp_line (start 0.8 -0.4) (end 0.8 0.4) (layer F.Fab) (width 0.1))
    (fp_line (start -0.8 -0.4) (end 0.8 -0.4) (layer F.Fab) (width 0.1))
    (fp_line (start -0.8 0.4) (end -0.8 -0.4) (layer F.Fab) (width 0.1))
    (pad 2 smd roundrect (at 0.7875 0) (size 0.875 0.95) (layers F.Cu F.Paste F.Mask) (roundrect_rratio 0.25)
      (net 1 GND))
    (pad 1 smd roundrect (at -0.7875 0) (size 0.875 0.95) (layers F.Cu F.Paste F.Mask) (roundrect_rratio 0.25)
      (net 2 +3V3))
    (model ${KISYS3DMOD}/Capacitor_SMD.3dshapes/C_0603_1608Metric.wrl
      (at (xyz 0 0 0))
      (scale (xyz 1 1 1))
      (rotate (xyz 0 0 0))
    )
  )

  (module Capacitor_SMD:C_0603_1608Metric (layer F.Cu) (tedit 5B301BBE) (tstamp 5E3A5BA7)
    (at 341.5 88)
    (descr "Capacitor SMD 0603 (1608 Metric), square (rectangular) end terminal, IPC_7351 nominal, (Body size source: http://www.tortai-tech.com/upload/download/2011102023233369053.pdf), generated with kicad-footprint-generator")
    (tags capacitor)
    (path /5E45238B)
    (attr smd)
    (fp_text reference C106 (at 0 -1.43) (layer F.SilkS)
      (effects (font (size 0.6 0.6) (thickness 0.1)))
    )
    (fp_text value 100nF (at 0 1.43) (layer F.Fab)
      (effects (font (size 1 1) (thickness 0.15)))
    )
    (fp_line (start -0.8 0.4) (end -0.8 -0.4) (layer F.Fab) (width 0.1))
    (fp_line (start -0.8 -0.4) (end 0.8 -0.4) (layer F.Fab) (width 0.1))
    (fp_line (start 0.8 -0.4) (end 0.8 0.4) (layer F.Fab) (width 0.1))
    (fp_line (start 0.8 0.4) (end -0.8 0.4) (layer F.Fab) (width 0.1))
    (fp_line (start -0.162779 -0.51) (end 0.162779 -0.51) (layer F.SilkS) (width 0.12))
    (fp_line (start -0.162779 0.51) (end 0.162779 0.51) (layer F.SilkS) (width 0.12))
    (fp_line (start -1.48 0.73) (end -1.48 -0.73) (layer F.CrtYd) (width 0.05))
    (fp_line (start -1.48 -0.73) (end 1.48 -0.73) (layer F.CrtYd) (width 0.05))
    (fp_line (start 1.48 -0.73) (end 1.48 0.73) (layer F.CrtYd) (width 0.05))
    (fp_line (start 1.48 0.73) (end -1.48 0.73) (layer F.CrtYd) (width 0.05))
    (fp_text user %R (at 0 0) (layer F.Fab)
      (effects (font (size 0.6 0.6) (thickness 0.1)))
    )
    (pad 1 smd roundrect (at -0.7875 0) (size 0.875 0.95) (layers F.Cu F.Paste F.Mask) (roundrect_rratio 0.25)
      (net 2 +3V3))
    (pad 2 smd roundrect (at 0.7875 0) (size 0.875 0.95) (layers F.Cu F.Paste F.Mask) (roundrect_rratio 0.25)
      (net 1 GND))
    (model ${KISYS3DMOD}/Capacitor_SMD.3dshapes/C_0603_1608Metric.wrl
      (at (xyz 0 0 0))
      (scale (xyz 1 1 1))
      (rotate (xyz 0 0 0))
    )
  )

  (module Capacitor_SMD:C_0603_1608Metric (layer F.Cu) (tedit 5B301BBE) (tstamp 5E3A5BB8)
    (at 331.5 79)
    (descr "Capacitor SMD 0603 (1608 Metric), square (rectangular) end terminal, IPC_7351 nominal, (Body size source: http://www.tortai-tech.com/upload/download/2011102023233369053.pdf), generated with kicad-footprint-generator")
    (tags capacitor)
    (path /5E489673)
    (attr smd)
    (fp_text reference C107 (at 0 -1.43) (layer F.SilkS)
      (effects (font (size 0.6 0.6) (thickness 0.1)))
    )
    (fp_text value 100nF (at 0 1.43) (layer F.Fab)
      (effects (font (size 1 1) (thickness 0.15)))
    )
    (fp_line (start -0.8 0.4) (end -0.8 -0.4) (layer F.Fab) (width 0.1))
    (fp_line (start -0.8 -0.4) (end 0.8 -0.4) (layer F.Fab) (width 0.1))
    (fp_line (start 0.8 -0.4) (end 0.8 0.4) (layer F.Fab) (width 0.1))
    (fp_line (start 0.8 0.4) (end -0.8 0.4) (layer F.Fab) (width 0.1))
    (fp_line (start -0.162779 -0.51) (end 0.162779 -0.51) (layer F.SilkS) (width 0.12))
    (fp_line (start -0.162779 0.51) (end 0.162779 0.51) (layer F.SilkS) (width 0.12))
    (fp_line (start -1.48 0.73) (end -1.48 -0.73) (layer F.CrtYd) (width 0.05))
    (fp_line (start -1.48 -0.73) (end 1.48 -0.73) (layer F.CrtYd) (width 0.05))
    (fp_line (start 1.48 -0.73) (end 1.48 0.73) (layer F.CrtYd) (width 0.05))
    (fp_line (start 1.48 0.73) (end -1.48 0.73) (layer F.CrtYd) (width 0.05))
    (fp_text user %R (at 0 0) (layer F.Fab)
      (effects (font (size 0.6 0.6) (thickness 0.1)))
    )
    (pad 1 smd roundrect (at -0.7875 0) (size 0.875 0.95) (layers F.Cu F.Paste F.Mask) (roundrect_rratio 0.25)
      (net 3 "Net-(C107-Pad1)"))
    (pad 2 smd roundrect (at 0.7875 0) (size 0.875 0.95) (layers F.Cu F.Paste F.Mask) (roundrect_rratio 0.25)
      (net 4 "Net-(C107-Pad2)"))
    (model ${KISYS3DMOD}/Capacitor_SMD.3dshapes/C_0603_1608Metric.wrl
      (at (xyz 0 0 0))
      (scale (xyz 1 1 1))
      (rotate (xyz 0 0 0))
    )
  )

  (module Capacitor_SMD:C_0603_1608Metric (layer F.Cu) (tedit 5B301BBE) (tstamp 5E3A5BC9)
    (at 336.5 88)
    (descr "Capacitor SMD 0603 (1608 Metric), square (rectangular) end terminal, IPC_7351 nominal, (Body size source: http://www.tortai-tech.com/upload/download/2011102023233369053.pdf), generated with kicad-footprint-generator")
    (tags capacitor)
    (path /5E45EFCF)
    (attr smd)
    (fp_text reference C108 (at 0 -1.43) (layer F.SilkS)
      (effects (font (size 0.6 0.6) (thickness 0.1)))
    )
    (fp_text value 100nF (at 0 1.43) (layer F.Fab)
      (effects (font (size 1 1) (thickness 0.15)))
    )
    (fp_text user %R (at 0 0) (layer F.Fab)
      (effects (font (size 0.6 0.6) (thickness 0.1)))
    )
    (fp_line (start 1.48 0.73) (end -1.48 0.73) (layer F.CrtYd) (width 0.05))
    (fp_line (start 1.48 -0.73) (end 1.48 0.73) (layer F.CrtYd) (width 0.05))
    (fp_line (start -1.48 -0.73) (end 1.48 -0.73) (layer F.CrtYd) (width 0.05))
    (fp_line (start -1.48 0.73) (end -1.48 -0.73) (layer F.CrtYd) (width 0.05))
    (fp_line (start -0.162779 0.51) (end 0.162779 0.51) (layer F.SilkS) (width 0.12))
    (fp_line (start -0.162779 -0.51) (end 0.162779 -0.51) (layer F.SilkS) (width 0.12))
    (fp_line (start 0.8 0.4) (end -0.8 0.4) (layer F.Fab) (width 0.1))
    (fp_line (start 0.8 -0.4) (end 0.8 0.4) (layer F.Fab) (width 0.1))
    (fp_line (start -0.8 -0.4) (end 0.8 -0.4) (layer F.Fab) (width 0.1))
    (fp_line (start -0.8 0.4) (end -0.8 -0.4) (layer F.Fab) (width 0.1))
    (pad 2 smd roundrect (at 0.7875 0) (size 0.875 0.95) (layers F.Cu F.Paste F.Mask) (roundrect_rratio 0.25)
      (net 1 GND))
    (pad 1 smd roundrect (at -0.7875 0) (size 0.875 0.95) (layers F.Cu F.Paste F.Mask) (roundrect_rratio 0.25)
      (net 5 "Net-(C108-Pad1)"))
    (model ${KISYS3DMOD}/Capacitor_SMD.3dshapes/C_0603_1608Metric.wrl
      (at (xyz 0 0 0))
      (scale (xyz 1 1 1))
      (rotate (xyz 0 0 0))
    )
  )

  (module Capacitor_SMD:C_0603_1608Metric (layer B.Cu) (tedit 5B301BBE) (tstamp 5E3A5BDA)
    (at 111.9 123.1)
    (descr "Capacitor SMD 0603 (1608 Metric), square (rectangular) end terminal, IPC_7351 nominal, (Body size source: http://www.tortai-tech.com/upload/download/2011102023233369053.pdf), generated with kicad-footprint-generator")
    (tags capacitor)
    (path /5D3521E4/5D3586FA)
    (attr smd)
    (fp_text reference C201 (at -0.15 1.15) (layer B.SilkS)
      (effects (font (size 0.6 0.6) (thickness 0.1)) (justify mirror))
    )
    (fp_text value 220nF/16V (at 0 -1.43) (layer B.Fab)
      (effects (font (size 1 1) (thickness 0.15)) (justify mirror))
    )
    (fp_line (start -0.8 -0.4) (end -0.8 0.4) (layer B.Fab) (width 0.1))
    (fp_line (start -0.8 0.4) (end 0.8 0.4) (layer B.Fab) (width 0.1))
    (fp_line (start 0.8 0.4) (end 0.8 -0.4) (layer B.Fab) (width 0.1))
    (fp_line (start 0.8 -0.4) (end -0.8 -0.4) (layer B.Fab) (width 0.1))
    (fp_line (start -0.162779 0.51) (end 0.162779 0.51) (layer B.SilkS) (width 0.12))
    (fp_line (start -0.162779 -0.51) (end 0.162779 -0.51) (layer B.SilkS) (width 0.12))
    (fp_line (start -1.48 -0.73) (end -1.48 0.73) (layer B.CrtYd) (width 0.05))
    (fp_line (start -1.48 0.73) (end 1.48 0.73) (layer B.CrtYd) (width 0.05))
